cauchy[couchsofa]: ~/Thesis/structana
λ⇒ python2 main.py  -d -s 1  
S_G: 
################################################################################
[   0.  -50. -100.    0.  -50.  100.]
################################################################################

K: 
################################################################################
[[    1.     0.     0.     0.     0.     0.]
 [    0.     1.     0.     0.     0.     0.]
 [    0.     0.  5000.     0.     0.  2500.]
 [    0.     0.     0.  1250.     0.     0.]
 [    0.     0.     0.     0.     1.     0.]
 [    0.     0.  2500.     0.     0.  5000.]]
################################################################################

d: 
################################################################################
[ 0.    0.   -0.04  0.    0.    0.04]
################################################################################

Strut Beam1 [K]: 
################################################################################
[[    1.     0.     0.     0.     0.     0.]
 [    0.     1.     0.     0.     0.     0.]
 [    0.     0.  5000.     0.     0.  2500.]
 [    0.     0.     0.  1250.     0.     0.]
 [    0.     0.     0.     0.     1.     0.]
 [    0.     0.     0.     0.     0.  5000.]]
################################################################################

Strut Beam1 [S_l]: 
################################################################################
[   0.    0. -300.    0.    0. -200.]
################################################################################
